SR.NO.	aQGC_ParName	ParaValue	SumofWeight*Cross-Sec	Avg.OFWeight*Cross-section
0	FS0	-900	2.66725e+07	16.2621
1	FS0	-880	2.5516e+07	15.5569
2	FS0	-860	2.43855e+07	14.8677
3	FS0	-840	2.3281e+07	14.1943
4	FS0	-820	2.22025e+07	13.5367
5	FS0	-800	2.11499e+07	12.895
6	FS0	-780	2.01234e+07	12.2691
7	FS0	-760	1.91229e+07	11.6591
8	FS0	-740	1.81483e+07	11.0649
9	FS0	-720	1.71998e+07	10.4866
10	FS0	-700	1.62772e+07	9.9241
11	FS0	-680	1.53806e+07	9.37748
12	FS0	-660	1.45101e+07	8.8467
13	FS0	-640	1.36655e+07	8.33177
14	FS0	-620	1.28469e+07	7.83269
15	FS0	-600	1.20544e+07	7.34946
16	FS0	-580	1.12878e+07	6.88207
17	FS0	-560	1.05472e+07	6.43054
18	FS0	-540	9.83257e+06	5.99485
19	FS0	-520	9.14397e+06	5.57502
20	FS0	-500	8.48136e+06	5.17103
21	FS0	-480	7.84475e+06	4.78289
22	FS0	-460	7.23413e+06	4.4106
23	FS0	-440	6.64951e+06	4.05416
24	FS0	-420	6.09088e+06	3.71357
25	FS0	-400	5.55824e+06	3.38882
26	FS0	-380	5.0516e+06	3.07993
27	FS0	-360	4.57096e+06	2.78688
28	FS0	-340	4.11631e+06	2.50968
29	FS0	-320	3.68765e+06	2.24834
30	FS0	-300	3.28499e+06	2.00284
31	FS0	-280	2.90832e+06	1.77318
32	FS0	-260	2.55765e+06	1.55938
33	FS0	-240	2.23297e+06	1.36143
34	FS0	-220	1.93429e+06	1.17932
35	FS0	-200	1.6616e+06	1.01307
36	FS0	-180	1.41491e+06	0.86266
37	FS0	-160	1.19421e+06	0.728102
38	FS0	-140	999506	0.609392
39	FS0	-120	830797	0.506531
40	FS0	-100	688082	0.419519
41	FS0	-80	571362	0.348356
42	FS0	-60	480637	0.293041
43	FS0	-40	415907	0.253576
44	FS0	-20	377171	0.229959
45	FS0	0	364430	0.222191
46	FS0	20	377684	0.230271
47	FS0	40	416932	0.254201
48	FS0	60	482175	0.293979
49	FS0	80	573412	0.349606
50	FS0	100	690645	0.421082
51	FS0	120	833872	0.508406
52	FS0	140	1.00309e+06	0.611579
53	FS0	160	1.19831e+06	0.730602
54	FS0	180	1.41952e+06	0.865472
55	FS0	200	1.66673e+06	1.01619
56	FS0	220	1.93993e+06	1.18276
57	FS0	240	2.23912e+06	1.36518
58	FS0	260	2.56431e+06	1.56344
59	FS0	280	2.9155e+06	1.77756
60	FS0	300	3.29268e+06	2.00752
61	FS0	320	3.69585e+06	2.25333
62	FS0	340	4.12502e+06	2.515
63	FS0	360	4.58018e+06	2.79251
64	FS0	380	5.06134e+06	3.08586
65	FS0	400	5.56849e+06	3.39507
66	FS0	420	6.10164e+06	3.72013
67	FS0	440	6.66078e+06	4.06103
68	FS0	460	7.24592e+06	4.41779
69	FS0	480	7.85705e+06	4.79039
70	FS0	500	8.49418e+06	5.17884
71	FS0	520	9.1573e+06	5.58314
72	FS0	540	9.84641e+06	6.00329
73	FS0	560	1.05615e+07	6.43929
74	FS0	580	1.13026e+07	6.89114
75	FS0	600	1.20697e+07	7.35883
76	FS0	620	1.28628e+07	7.84237
77	FS0	640	1.36819e+07	8.34177
78	FS0	660	1.4527e+07	8.85701
79	FS0	680	1.53981e+07	9.3881
80	FS0	700	1.62951e+07	9.93504
81	FS0	720	1.72182e+07	10.4978
82	FS0	740	1.81673e+07	11.0765
83	FS0	760	1.91423e+07	11.671
84	FS0	780	2.01434e+07	12.2813
85	FS0	800	2.11704e+07	12.9075
86	FS0	820	2.22235e+07	13.5495
87	FS0	840	2.33025e+07	14.2074
88	FS0	860	2.44075e+07	14.8811
89	FS0	880	2.55386e+07	15.5707
90	FS0	900	2.66956e+07	16.2761
91	FS1	-330	9.67136e+06	5.89656
92	FS1	-320	9.11573e+06	5.5578
93	FS1	-310	8.57719e+06	5.22946
94	FS1	-300	8.05576e+06	4.91154
95	FS1	-290	7.55142e+06	4.60405
96	FS1	-280	7.06419e+06	4.30699
97	FS1	-270	6.59406e+06	4.02035
98	FS1	-260	6.14102e+06	3.74414
99	FS1	-250	5.70509e+06	3.47836
100	FS1	-240	5.28626e+06	3.223
101	FS1	-230	4.88453e+06	2.97806
102	FS1	-220	4.4999e+06	2.74356
103	FS1	-210	4.13237e+06	2.51948
104	FS1	-200	3.78194e+06	2.30582
105	FS1	-190	3.44861e+06	2.10259
106	FS1	-180	3.13238e+06	1.90979
107	FS1	-170	2.83325e+06	1.72741
108	FS1	-160	2.55122e+06	1.55546
109	FS1	-150	2.28629e+06	1.39394
110	FS1	-140	2.03847e+06	1.24284
111	FS1	-130	1.80774e+06	1.10217
112	FS1	-120	1.59411e+06	0.97192
113	FS1	-110	1.39759e+06	0.8521
114	FS1	-100	1.21816e+06	0.742705
115	FS1	-90	1.05584e+06	0.643736
116	FS1	-80	910612	0.555194
117	FS1	-70	782488	0.477077
118	FS1	-60	671464	0.409387
119	FS1	-50	577540	0.352122
120	FS1	-40	500717	0.305284
121	FS1	-30	440995	0.268872
122	FS1	-20	398373	0.242885
123	FS1	-10	372851	0.227325
124	FS1	0	364430	0.222191
125	FS1	10	373109	0.227482
126	FS1	20	398889	0.2432
127	FS1	30	441769	0.269344
128	FS1	40	501750	0.305913
129	FS1	50	578831	0.352909
130	FS1	60	673012	0.410331
131	FS1	70	784294	0.478179
132	FS1	80	912676	0.556453
133	FS1	90	1.05816e+06	0.645153
134	FS1	100	1.22074e+06	0.744278
135	FS1	110	1.40043e+06	0.85383
136	FS1	120	1.59721e+06	0.973808
137	FS1	130	1.81109e+06	1.10421
138	FS1	140	2.04208e+06	1.24504
139	FS1	150	2.29017e+06	1.3963
140	FS1	160	2.55535e+06	1.55798
141	FS1	170	2.83764e+06	1.73009
142	FS1	180	3.13702e+06	1.91262
143	FS1	190	3.45351e+06	2.10558
144	FS1	200	3.7871e+06	2.30897
145	FS1	210	4.13779e+06	2.52278
146	FS1	220	4.50558e+06	2.74702
147	FS1	230	4.89046e+06	2.98168
148	FS1	240	5.29245e+06	3.22677
149	FS1	250	5.71154e+06	3.48229
150	FS1	260	6.14773e+06	3.74823
151	FS1	270	6.60102e+06	4.0246
152	FS1	280	7.07142e+06	4.31139
153	FS1	290	7.55891e+06	4.60862
154	FS1	300	8.0635e+06	4.91626
155	FS1	310	8.58519e+06	5.23433
156	FS1	320	9.12399e+06	5.56283
157	FS1	330	9.67988e+06	5.90176
158	FM0	-42	8.86462e+06	5.4047
159	FM0	-41	8.46487e+06	5.16097
160	FM0	-40	8.07475e+06	4.92312
161	FM0	-39	7.69425e+06	4.69113
162	FM0	-38	7.32338e+06	4.46502
163	FM0	-37	6.96214e+06	4.24477
164	FM0	-36	6.61053e+06	4.0304
165	FM0	-35	6.26855e+06	3.82189
166	FM0	-34	5.93619e+06	3.61925
167	FM0	-33	5.61346e+06	3.42249
168	FM0	-32	5.30036e+06	3.23159
169	FM0	-31	4.99688e+06	3.04657
170	FM0	-30	4.70304e+06	2.86741
171	FM0	-29	4.41882e+06	2.69412
172	FM0	-28	4.14422e+06	2.52671
173	FM0	-27	3.87926e+06	2.36516
174	FM0	-26	3.62392e+06	2.20948
175	FM0	-25	3.37821e+06	2.05967
176	FM0	-24	3.14213e+06	1.91574
177	FM0	-23	2.91568e+06	1.77767
178	FM0	-22	2.69885e+06	1.64547
179	FM0	-21	2.49165e+06	1.51914
180	FM0	-20	2.29408e+06	1.39868
181	FM0	-19	2.10614e+06	1.2841
182	FM0	-18	1.92782e+06	1.17538
183	FM0	-17	1.75913e+06	1.07253
184	FM0	-16	1.60007e+06	0.975551
185	FM0	-15	1.45063e+06	0.884442
186	FM0	-14	1.31083e+06	0.799203
187	FM0	-13	1.18065e+06	0.719834
188	FM0	-12	1.0601e+06	0.646334
189	FM0	-11	949174	0.578705
190	FM0	-10	847877	0.516945
191	FM0	-9	756209	0.461055
192	FM0	-8	674168	0.411035
193	FM0	-7	601754	0.366885
194	FM0	-6	538968	0.328605
195	FM0	-5	485809	0.296195
196	FM0	-4	442278	0.269654
197	FM0	-3	408375	0.248983
198	FM0	-2	384099	0.234183
199	FM0	-1	369451	0.225252
200	FM0	0	364430	0.222191
201	FM0	1	369037	0.224999
202	FM0	2	383271	0.233678
203	FM0	3	407133	0.248226
204	FM0	4	440622	0.268644
205	FM0	5	483739	0.294932
206	FM0	6	536484	0.32709
207	FM0	7	598856	0.365118
208	FM0	8	670855	0.409016
209	FM0	9	752482	0.458783
210	FM0	10	843737	0.514421
211	FM0	11	944619	0.575928
212	FM0	12	1.05513e+06	0.643305
213	FM0	13	1.17527e+06	0.716552
214	FM0	14	1.30503e+06	0.795668
215	FM0	15	1.44442e+06	0.880655
216	FM0	16	1.59344e+06	0.971511
217	FM0	17	1.75209e+06	1.06824
218	FM0	18	1.92037e+06	1.17083
219	FM0	19	2.09827e+06	1.2793
220	FM0	20	2.2858e+06	1.39364
221	FM0	21	2.48296e+06	1.51384
222	FM0	22	2.68974e+06	1.63992
223	FM0	23	2.90615e+06	1.77186
224	FM0	24	3.13219e+06	1.90968
225	FM0	25	3.36786e+06	2.05336
226	FM0	26	3.61316e+06	2.20292
227	FM0	27	3.86808e+06	2.35834
228	FM0	28	4.13263e+06	2.51964
229	FM0	29	4.40681e+06	2.6868
230	FM0	30	4.69061e+06	2.85984
231	FM0	31	4.98405e+06	3.03874
232	FM0	32	5.28711e+06	3.22351
233	FM0	33	5.5998e+06	3.41416
234	FM0	34	5.92211e+06	3.61067
235	FM0	35	6.25405e+06	3.81305
236	FM0	36	6.59562e+06	4.02131
237	FM0	37	6.94682e+06	4.23543
238	FM0	38	7.30765e+06	4.45542
239	FM0	39	7.6781e+06	4.68129
240	FM0	40	8.05818e+06	4.91302
241	FM0	41	8.44789e+06	5.15062
242	FM0	42	8.84723e+06	5.3941
243	FM1	-165	1.00102e+07	6.10314
244	FM1	-160	9.434e+06	5.75184
245	FM1	-155	8.87556e+06	5.41137
246	FM1	-150	8.33486e+06	5.08171
247	FM1	-145	7.8119e+06	4.76286
248	FM1	-140	7.30669e+06	4.45484
249	FM1	-135	6.81922e+06	4.15763
250	FM1	-130	6.34949e+06	3.87124
251	FM1	-125	5.89751e+06	3.59567
252	FM1	-120	5.46327e+06	3.33092
253	FM1	-115	5.04677e+06	3.07698
254	FM1	-110	4.64802e+06	2.83386
255	FM1	-105	4.267e+06	2.60156
256	FM1	-100	3.90374e+06	2.38008
257	FM1	-95	3.55821e+06	2.16942
258	FM1	-90	3.23043e+06	1.96957
259	FM1	-85	2.92039e+06	1.78054
260	FM1	-80	2.6281e+06	1.60233
261	FM1	-75	2.35354e+06	1.43494
262	FM1	-70	2.09673e+06	1.27836
263	FM1	-65	1.85767e+06	1.13261
264	FM1	-60	1.63634e+06	0.997668
265	FM1	-55	1.43276e+06	0.873547
266	FM1	-50	1.24693e+06	0.760244
267	FM1	-45	1.07883e+06	0.657758
268	FM1	-40	928483	0.56609
269	FM1	-35	795876	0.48524
270	FM1	-30	681011	0.415208
271	FM1	-25	583890	0.355994
272	FM1	-20	504512	0.307597
273	FM1	-15	442877	0.270019
274	FM1	-10	398985	0.243258
275	FM1	-5	372836	0.227315
276	FM1	0	364430	0.222191
277	FM1	5	373767	0.227883
278	FM1	10	400848	0.244394
279	FM1	15	445671	0.271723
280	FM1	20	508238	0.309869
281	FM1	25	588548	0.358834
282	FM1	30	686600	0.418616
283	FM1	35	802396	0.489216
284	FM1	40	935935	0.570634
285	FM1	45	1.08722e+06	0.662869
286	FM1	50	1.25624e+06	0.765923
287	FM1	55	1.44301e+06	0.879794
288	FM1	60	1.64752e+06	1.00448
289	FM1	65	1.86978e+06	1.13999
290	FM1	70	2.10978e+06	1.28632
291	FM1	75	2.36752e+06	1.44346
292	FM1	80	2.643e+06	1.61142
293	FM1	85	2.93623e+06	1.7902
294	FM1	90	3.2472e+06	1.97979
295	FM1	95	3.57591e+06	2.18021
296	FM1	100	3.92237e+06	2.39144
297	FM1	105	4.28657e+06	2.61349
298	FM1	110	4.66851e+06	2.84636
299	FM1	115	5.06819e+06	3.09004
300	FM1	120	5.48562e+06	3.34455
301	FM1	125	5.9208e+06	3.60987
302	FM1	130	6.37371e+06	3.88601
303	FM1	135	6.84437e+06	4.17297
304	FM1	140	7.33277e+06	4.47074
305	FM1	145	7.83891e+06	4.77933
306	FM1	150	8.3628e+06	5.09874
307	FM1	155	8.90443e+06	5.42897
308	FM1	160	9.46381e+06	5.77002
309	FM1	165	1.00409e+07	6.12188
310	FM6	-84	8.86462e+06	5.4047
311	FM6	-82	8.46487e+06	5.16097
312	FM6	-80	8.07475e+06	4.92312
313	FM6	-78	7.69425e+06	4.69113
314	FM6	-76	7.32338e+06	4.46502
315	FM6	-74	6.96214e+06	4.24477
316	FM6	-72	6.61053e+06	4.0304
317	FM6	-70	6.26855e+06	3.82189
318	FM6	-68	5.93619e+06	3.61925
319	FM6	-66	5.61346e+06	3.42249
320	FM6	-64	5.30036e+06	3.23159
321	FM6	-62	4.99688e+06	3.04657
322	FM6	-60	4.70304e+06	2.86741
323	FM6	-58	4.41882e+06	2.69412
324	FM6	-56	4.14422e+06	2.52671
325	FM6	-54	3.87926e+06	2.36516
326	FM6	-52	3.62392e+06	2.20948
327	FM6	-50	3.37821e+06	2.05967
328	FM6	-48	3.14213e+06	1.91574
329	FM6	-46	2.91568e+06	1.77767
330	FM6	-44	2.69885e+06	1.64547
331	FM6	-42	2.49165e+06	1.51914
332	FM6	-40	2.29408e+06	1.39868
333	FM6	-38	2.10614e+06	1.2841
334	FM6	-36	1.92782e+06	1.17538
335	FM6	-34	1.75913e+06	1.07253
336	FM6	-32	1.60007e+06	0.975551
337	FM6	-30	1.45063e+06	0.884442
338	FM6	-28	1.31083e+06	0.799203
339	FM6	-26	1.18065e+06	0.719834
340	FM6	-24	1.0601e+06	0.646334
341	FM6	-22	949174	0.578705
342	FM6	-20	847877	0.516945
343	FM6	-18	756209	0.461055
344	FM6	-16	674168	0.411035
345	FM6	-14	601754	0.366885
346	FM6	-12	538968	0.328605
347	FM6	-10	485809	0.296195
348	FM6	-8	442278	0.269654
349	FM6	-6	408375	0.248983
350	FM6	-4	384099	0.234183
351	FM6	-2	369451	0.225252
352	FM6	0	364430	0.222191
353	FM6	2	369037	0.224999
354	FM6	4	383271	0.233678
355	FM6	6	407133	0.248226
356	FM6	8	440622	0.268644
357	FM6	10	483739	0.294932
358	FM6	12	536484	0.32709
359	FM6	14	598856	0.365118
360	FM6	16	670855	0.409016
361	FM6	18	752482	0.458783
362	FM6	20	843737	0.514421
363	FM6	22	944619	0.575928
364	FM6	24	1.05513e+06	0.643305
365	FM6	26	1.17527e+06	0.716552
366	FM6	28	1.30503e+06	0.795668
367	FM6	30	1.44442e+06	0.880655
368	FM6	32	1.59344e+06	0.971511
369	FM6	34	1.75209e+06	1.06824
370	FM6	36	1.92037e+06	1.17083
371	FM6	38	2.09827e+06	1.2793
372	FM6	40	2.2858e+06	1.39364
373	FM6	42	2.48296e+06	1.51384
374	FM6	44	2.68974e+06	1.63992
375	FM6	46	2.90615e+06	1.77186
376	FM6	48	3.13219e+06	1.90968
377	FM6	50	3.36786e+06	2.05336
378	FM6	52	3.61316e+06	2.20292
379	FM6	54	3.86808e+06	2.35834
380	FM6	56	4.13263e+06	2.51964
381	FM6	58	4.40681e+06	2.6868
382	FM6	60	4.69061e+06	2.85984
383	FM6	62	4.98405e+06	3.03874
384	FM6	64	5.28711e+06	3.22351
385	FM6	66	5.5998e+06	3.41416
386	FM6	68	5.92211e+06	3.61067
387	FM6	70	6.25405e+06	3.81305
388	FM6	72	6.59562e+06	4.02131
389	FM6	74	6.94682e+06	4.23543
390	FM6	76	7.30765e+06	4.45542
391	FM6	78	7.6781e+06	4.68129
392	FM6	80	8.05818e+06	4.91302
393	FM6	82	8.44789e+06	5.15062
394	FM7	-300	1.02628e+07	6.25718
395	FM7	-295	9.9359e+06	6.05785
396	FM7	-290	9.61447e+06	5.86188
397	FM7	-285	9.29852e+06	5.66925
398	FM7	-280	8.98807e+06	5.47996
399	FM7	-275	8.6831e+06	5.29403
400	FM7	-270	8.38363e+06	5.11144
401	FM7	-265	8.08964e+06	4.9322
402	FM7	-260	7.80115e+06	4.75631
403	FM7	-255	7.51814e+06	4.58376
404	FM7	-250	7.24062e+06	4.41456
405	FM7	-245	6.9686e+06	4.24871
406	FM7	-240	6.70206e+06	4.0862
407	FM7	-235	6.44102e+06	3.92704
408	FM7	-230	6.18546e+06	3.77123
409	FM7	-225	5.93539e+06	3.61877
410	FM7	-220	5.69082e+06	3.46965
411	FM7	-215	5.45173e+06	3.32388
412	FM7	-210	5.21813e+06	3.18146
413	FM7	-205	4.99003e+06	3.04239
414	FM7	-200	4.76741e+06	2.90666
415	FM7	-195	4.55028e+06	2.77428
416	FM7	-190	4.33865e+06	2.64524
417	FM7	-185	4.1325e+06	2.51956
418	FM7	-180	3.93184e+06	2.39722
419	FM7	-175	3.73667e+06	2.27822
420	FM7	-170	3.547e+06	2.16258
421	FM7	-165	3.36281e+06	2.05028
422	FM7	-160	3.18411e+06	1.94133
423	FM7	-155	3.0109e+06	1.83573
424	FM7	-150	2.84318e+06	1.73347
425	FM7	-145	2.68095e+06	1.63456
426	FM7	-140	2.52422e+06	1.539
427	FM7	-135	2.37297e+06	1.44678
428	FM7	-130	2.22721e+06	1.35791
429	FM7	-125	2.08694e+06	1.27239
430	FM7	-120	1.95216e+06	1.19022
431	FM7	-115	1.82287e+06	1.11139
432	FM7	-110	1.69907e+06	1.03591
433	FM7	-105	1.58076e+06	0.963781
434	FM7	-100	1.46794e+06	0.894996
435	FM7	-95	1.36061e+06	0.829558
436	FM7	-90	1.25877e+06	0.767467
437	FM7	-85	1.16243e+06	0.708723
438	FM7	-80	1.07157e+06	0.653326
439	FM7	-75	986195	0.601277
440	FM7	-70	906315	0.552574
441	FM7	-65	831925	0.507219
442	FM7	-60	763024	0.465211
443	FM7	-55	699614	0.42655
444	FM7	-50	641693	0.391236
445	FM7	-45	589262	0.359269
446	FM7	-40	542321	0.33065
447	FM7	-35	500870	0.305377
448	FM7	-30	464909	0.283452
449	FM7	-25	434438	0.264874
450	FM7	-20	409457	0.249643
451	FM7	-15	389965	0.237759
452	FM7	-10	375964	0.229222
453	FM7	-5	367452	0.224033
454	FM7	0	364430	0.222191
455	FM7	5	366898	0.223695
456	FM7	10	374856	0.228547
457	FM7	15	388304	0.236746
458	FM7	20	407241	0.248292
459	FM7	25	431669	0.263186
460	FM7	30	461586	0.281426
461	FM7	35	496994	0.303014
462	FM7	40	537891	0.327948
463	FM7	45	584278	0.35623
464	FM7	50	636155	0.387859
465	FM7	55	693522	0.422835
466	FM7	60	756378	0.461159
467	FM7	65	824725	0.502829
468	FM7	70	898561	0.547847
469	FM7	75	977888	0.596212
470	FM7	80	1.0627e+06	0.647923
471	FM7	85	1.15301e+06	0.702982
472	FM7	90	1.24881e+06	0.761389
473	FM7	95	1.35009e+06	0.823142
474	FM7	100	1.45687e+06	0.888242
475	FM7	105	1.56913e+06	0.95669
476	FM7	110	1.68689e+06	1.02848
477	FM7	115	1.81013e+06	1.10363
478	FM7	120	1.93887e+06	1.18212
479	FM7	125	2.07309e+06	1.26395
480	FM7	130	2.21281e+06	1.34914
481	FM7	135	2.35801e+06	1.43767
482	FM7	140	2.50871e+06	1.52954
483	FM7	145	2.66489e+06	1.62477
484	FM7	150	2.82657e+06	1.72334
485	FM7	155	2.99373e+06	1.82526
486	FM7	160	3.16639e+06	1.93052
487	FM7	165	3.34453e+06	2.03914
488	FM7	170	3.52817e+06	2.1511
489	FM7	175	3.71729e+06	2.26641
490	FM7	180	3.9119e+06	2.38506
491	FM7	185	4.11201e+06	2.50706
492	FM7	190	4.3176e+06	2.63241
493	FM7	195	4.52868e+06	2.76111
494	FM7	200	4.74526e+06	2.89315
495	FM7	205	4.96732e+06	3.02854
496	FM7	210	5.19487e+06	3.16728
497	FM7	215	5.42792e+06	3.30936
498	FM7	220	5.66645e+06	3.4548
499	FM7	225	5.91047e+06	3.60357
500	FM7	230	6.15998e+06	3.7557
501	FM7	235	6.41499e+06	3.91117
502	FM7	240	6.67548e+06	4.06999
503	FM7	245	6.94146e+06	4.23216
504	FM7	250	7.21293e+06	4.39768
505	FM7	255	7.4899e+06	4.56654
506	FM7	260	7.77235e+06	4.73875
507	FM7	265	8.06029e+06	4.9143
508	FM7	270	8.35372e+06	5.09321
509	FM7	275	8.65264e+06	5.27546
510	FM7	280	8.95705e+06	5.46106
511	FM7	285	9.26695e+06	5.65
512	FM7	290	9.58235e+06	5.84229
513	FM7	295	9.90323e+06	6.03793
514	FM7	300	1.02296e+07	6.23692
515	FT0	-6.8	8.87464e+06	5.41081
516	FT0	-6.6	8.37974e+06	5.10907
517	FT0	-6.4	7.89967e+06	4.81638
518	FT0	-6.2	7.43442e+06	4.53272
519	FT0	-6	6.98399e+06	4.25809
520	FT0	-5.8	6.54839e+06	3.99251
521	FT0	-5.6	6.12761e+06	3.73597
522	FT0	-5.4	5.72166e+06	3.48846
523	FT0	-5.2	5.33053e+06	3.24999
524	FT0	-5	4.95423e+06	3.02056
525	FT0	-4.8	4.59274e+06	2.80017
526	FT0	-4.6	4.24609e+06	2.58881
527	FT0	-4.4	3.91425e+06	2.38649
528	FT0	-4.2	3.59725e+06	2.19322
529	FT0	-4	3.29506e+06	2.00898
530	FT0	-3.8	3.0077e+06	1.83377
531	FT0	-3.6	2.73516e+06	1.66761
532	FT0	-3.4	2.47745e+06	1.51049
533	FT0	-3.2	2.23456e+06	1.3624
534	FT0	-3	2.0065e+06	1.22335
535	FT0	-2.8	1.79326e+06	1.09334
536	FT0	-2.6	1.59484e+06	0.972365
537	FT0	-2.4	1.41125e+06	0.86043
538	FT0	-2.2	1.24248e+06	0.757534
539	FT0	-2	1.08854e+06	0.663675
540	FT0	-1.8	949420	0.578855
541	FT0	-1.6	825125	0.503073
542	FT0	-1.4	715653	0.436329
543	FT0	-1.2	621006	0.378623
544	FT0	-1	541183	0.329956
545	FT0	-0.8	476184	0.290326
546	FT0	-0.6	426010	0.259735
547	FT0	-0.4	390659	0.238182
548	FT0	-0.2	370132	0.225667
549	FT0	0	364430	0.222191
550	FT0	0.2	373552	0.227752
551	FT0	0.4	397497	0.242352
552	FT0	0.6	436267	0.265989
553	FT0	0.8	489861	0.298665
554	FT0	1	558280	0.340379
555	FT0	1.2	641522	0.391132
556	FT0	1.4	739588	0.450922
557	FT0	1.6	852479	0.51975
558	FT0	1.8	980193	0.597617
559	FT0	2	1.12273e+06	0.684522
560	FT0	2.2	1.28009e+06	0.780465
561	FT0	2.4	1.45228e+06	0.885446
562	FT0	2.6	1.63929e+06	0.999466
563	FT0	2.8	1.84113e+06	1.12252
564	FT0	3	2.05779e+06	1.25462
565	FT0	3.2	2.28927e+06	1.39575
566	FT0	3.4	2.53558e+06	1.54592
567	FT0	3.6	2.79671e+06	1.70514
568	FT0	3.8	3.07267e+06	1.87338
569	FT0	4	3.36345e+06	2.05067
570	FT0	4.2	3.66905e+06	2.23699
571	FT0	4.4	3.98948e+06	2.43236
572	FT0	4.6	4.32473e+06	2.63676
573	FT0	4.8	4.67481e+06	2.8502
574	FT0	5	5.03971e+06	3.07268
575	FT0	5.2	5.41943e+06	3.30419
576	FT0	5.4	5.81398e+06	3.54474
577	FT0	5.6	6.22335e+06	3.79434
578	FT0	5.8	6.64755e+06	4.05297
579	FT0	6	7.08657e+06	4.32063
580	FT0	6.2	7.54042e+06	4.59734
581	FT0	6.4	8.00908e+06	4.88309
582	FT0	6.6	8.49258e+06	5.17787
583	FT0	6.8	8.9909e+06	5.48169
584	FT1	-12.5	1.01019e+07	6.15908
585	FT1	-12	9.33711e+06	5.69277
586	FT1	-11.5	8.60355e+06	5.24553
587	FT1	-11	7.90128e+06	4.81736
588	FT1	-10.5	7.23028e+06	4.40825
589	FT1	-10	6.59056e+06	4.01822
590	FT1	-9.5	5.98212e+06	3.64726
591	FT1	-9	5.40495e+06	3.29536
592	FT1	-8.5	4.85907e+06	2.96254
593	FT1	-8	4.34446e+06	2.64879
594	FT1	-7.5	3.86112e+06	2.3541
595	FT1	-7	3.40907e+06	2.07849
596	FT1	-6.5	2.98829e+06	1.82194
597	FT1	-6	2.59879e+06	1.58446
598	FT1	-5.5	2.24057e+06	1.36606
599	FT1	-5	1.91362e+06	1.16672
600	FT1	-4.5	1.61795e+06	0.986455
601	FT1	-4	1.35356e+06	0.825258
602	FT1	-3.5	1.12045e+06	0.683131
603	FT1	-3	918614	0.560073
604	FT1	-2.5	748057	0.456085
605	FT1	-2	608776	0.371167
606	FT1	-1.5	500773	0.305318
607	FT1	-1	424048	0.258539
608	FT1	-0.5	378600	0.23083
609	FT1	0	364430	0.222191
610	FT1	0.5	381537	0.232621
611	FT1	1	429922	0.26212
612	FT1	1.5	509584	0.31069
613	FT1	2	620524	0.378329
614	FT1	2.5	762741	0.465038
615	FT1	3	936235	0.570816
616	FT1	3.5	1.14101e+06	0.695665
617	FT1	4	1.37706e+06	0.839582
618	FT1	4.5	1.64438e+06	1.00257
619	FT1	5	1.94299e+06	1.18463
620	FT1	5.5	2.27287e+06	1.38575
621	FT1	6	2.63403e+06	1.60595
622	FT1	6.5	3.02647e+06	1.84522
623	FT1	7	3.45018e+06	2.10355
624	FT1	7.5	3.90517e+06	2.38096
625	FT1	8	4.39144e+06	2.67743
626	FT1	8.5	4.90899e+06	2.99298
627	FT1	9	5.45782e+06	3.32759
628	FT1	9.5	6.03792e+06	3.68128
629	FT1	10	6.6493e+06	4.05403
630	FT1	10.5	7.29195e+06	4.44586
631	FT1	11	7.96589e+06	4.85675
632	FT1	11.5	8.6711e+06	5.28671
633	FT1	12	9.40759e+06	5.73574
634	FT1	12.5	1.01754e+07	6.20385
635	FT2	-20.5	9.13031e+06	5.56669
636	FT2	-20	8.70622e+06	5.30812
637	FT2	-19.5	8.29264e+06	5.05597
638	FT2	-19	7.88958e+06	4.81022
639	FT2	-18.5	7.49703e+06	4.57089
640	FT2	-18	7.115e+06	4.33797
641	FT2	-17.5	6.74348e+06	4.11146
642	FT2	-17	6.38248e+06	3.89135
643	FT2	-16.5	6.03199e+06	3.67766
644	FT2	-16	5.69201e+06	3.47038
645	FT2	-15.5	5.36255e+06	3.26951
646	FT2	-15	5.04361e+06	3.07505
647	FT2	-14.5	4.73517e+06	2.887
648	FT2	-14	4.43726e+06	2.70537
649	FT2	-13.5	4.14985e+06	2.53014
650	FT2	-13	3.87297e+06	2.36132
651	FT2	-12.5	3.60659e+06	2.19891
652	FT2	-12	3.35073e+06	2.04292
653	FT2	-11.5	3.10539e+06	1.89333
654	FT2	-11	2.87056e+06	1.75016
655	FT2	-10.5	2.64624e+06	1.61339
656	FT2	-10	2.43244e+06	1.48304
657	FT2	-9.5	2.22915e+06	1.3591
658	FT2	-9	2.03638e+06	1.24157
659	FT2	-8.5	1.85412e+06	1.13044
660	FT2	-8	1.68237e+06	1.02573
661	FT2	-7.5	1.52115e+06	0.927432
662	FT2	-7	1.37043e+06	0.835542
663	FT2	-6.5	1.23023e+06	0.750062
664	FT2	-6	1.10054e+06	0.670993
665	FT2	-5.5	981370	0.598335
666	FT2	-5	872713	0.532087
667	FT2	-4.5	774569	0.47225
668	FT2	-4	686941	0.418823
669	FT2	-3.5	609826	0.371807
670	FT2	-3	543226	0.331201
671	FT2	-2.5	487141	0.297007
672	FT2	-2	441570	0.269222
673	FT2	-1.5	406513	0.247848
674	FT2	-1	381971	0.232885
675	FT2	-0.5	367943	0.224333
676	FT2	0	364430	0.222191
677	FT2	0.5	371431	0.226459
678	FT2	1	388947	0.237138
679	FT2	1.5	416977	0.254228
680	FT2	2	455521	0.277728
681	FT2	2.5	504580	0.307639
682	FT2	3	564153	0.34396
683	FT2	3.5	634241	0.386692
684	FT2	4	714843	0.435835
685	FT2	4.5	805959	0.491388
686	FT2	5	907590	0.553352
687	FT2	5.5	1.01974e+06	0.621726
688	FT2	6	1.1424e+06	0.696511
689	FT2	6.5	1.27557e+06	0.777706
690	FT2	7	1.41926e+06	0.865312
691	FT2	7.5	1.57346e+06	0.959329
692	FT2	8	1.73818e+06	1.05976
693	FT2	8.5	1.91341e+06	1.16659
694	FT2	9	2.09916e+06	1.27984
695	FT2	9.5	2.29542e+06	1.3995
696	FT2	10	2.50219e+06	1.52557
697	FT2	10.5	2.71948e+06	1.65805
698	FT2	11	2.94729e+06	1.79694
699	FT2	11.5	3.18561e+06	1.94224
700	FT2	12	3.43444e+06	2.09395
701	FT2	12.5	3.69379e+06	2.25208
702	FT2	13	3.96365e+06	2.41661
703	FT2	13.5	4.24402e+06	2.58755
704	FT2	14	4.53491e+06	2.76491
705	FT2	14.5	4.83632e+06	2.94867
706	FT2	15	5.14824e+06	3.13885
707	FT2	15.5	5.47067e+06	3.33543
708	FT2	16	5.80362e+06	3.53843
709	FT2	16.5	6.14708e+06	3.74784
710	FT2	17	6.50106e+06	3.96365
711	FT2	17.5	6.86555e+06	4.18588
712	FT2	18	7.24056e+06	4.41452
713	FT2	18.5	7.62608e+06	4.64957
714	FT2	19	8.02212e+06	4.89103
715	FT2	19.5	8.42866e+06	5.1389
716	FT2	20	8.84573e+06	5.39318
717	FT2	20.5	9.27331e+06	5.65387
